       10.390833       10.176335       10.176335       10.086963       10.212085
       10.086963       10.480206       10.480206       10.515955       10.569579
       10.515955       10.176335       10.176335       9.9797134       10.015464
       10.015464       10.587454       10.587454       10.587454       11.373941
       11.749310       11.749310       11.677812       11.677812       11.856559
       11.856559       11.856559       11.838684       11.838684       11.713561
       11.713561       11.659937       11.499064       11.499064       11.248818
       11.248818       11.052197       10.837701       10.837701       11.052197
       11.052197       11.195194       10.891324       10.891324       10.873449
       10.694702       11.105821       11.320317       11.320317       11.409691
       11.409691       11.463315       11.463315       11.481190       11.427567
       11.427567       11.606313       11.606313       11.391816       10.927073
       10.927073       10.480206       10.480206       10.212085       10.319334
       10.533831       10.712577       10.712577       10.766202       10.551704
       10.551704       10.551704       10.551704       11.034322       11.141570
       11.141570       11.230944       11.230944       11.427567       11.427567
       11.427567       11.570563       11.570563       11.695686       11.695686
       11.749310       11.695686
       10.104836       10.104836       10.086963       10.104836       10.086963
       10.766202       10.766202       10.569579       10.569579       10.426581
       10.176335       10.426581       10.426581       10.015464       10.587454
       11.373941       11.070071       11.070071       11.749310       11.749310
       11.874434       11.874434       11.874434       11.856559       11.856559
       11.838684       11.892308       11.892308       11.659937       11.659937
       11.499064       11.552689       11.552689       11.070071       11.070071
       10.837701       10.837701       10.998572       10.891324       10.891324
       10.891324       10.891324       10.855575       10.694702       10.712577
       11.320317       11.320317       11.373941       11.409691       11.409691
       11.481190       11.481190       11.427567       11.123695       11.123695
       11.391816       11.391816       10.927073       10.551704       10.551704
       10.212085       10.212085       10.319334       10.122711       10.319334
       10.498080       10.498080       10.551704       10.551704       10.444456
       10.766202       10.766202       11.141570       11.141570       11.159445
       11.266693       11.266693       11.427567       11.427567       11.499064
       11.481190       11.481190       11.749310       11.749310       11.695686
       11.910183       11.910183
       9.8545914       9.9082146       9.9082146       9.8545914       9.9082146
       9.8545914       9.8903399       9.8545914       9.8724661       9.8545914
       9.8724661       9.8724661       9.8724661       9.9439650       9.9439650
       10.069087       10.873449       10.873449       10.658953       10.194210
       11.195194       11.373941       11.373941       11.499064       11.499064
       11.570563       11.624187       11.624187       11.695686       11.695686
       11.624187       11.588438       11.588438       11.445440       11.445440
       11.159445       11.159445       10.998572       11.070071       11.070071
       11.213069       11.213069       10.980699       11.356068       11.356068
       11.463315       11.463315       11.338192       10.998572       10.998572
       11.123695       11.123695       11.016447       10.909200       10.909200
       11.105821       11.105821       11.391816       11.427567       11.427567
       11.516939       11.516939       11.624187       11.642062       11.642062
       11.749310       11.749310       11.713561       11.713561       11.713561
       11.731436       11.731436       11.731436       11.731436       11.767185
       11.659937       11.659937       11.677812       11.677812       11.606313
       11.606313       11.606313       11.856559       11.856559       11.785060
       11.767185       11.767185
       9.8724661       9.8545914       9.8545914       9.8545914       9.8903399
       9.8545914       9.8545914       9.8545914       9.8724661       9.8903399
       9.8724661       10.069087       10.069087       10.873449       10.873449
       11.356068       11.195194       11.195194       11.373941       11.373941
       11.391816       11.588438       11.588438       11.624187       11.624187
       11.695686       11.731436       11.731436       11.588438       11.588438
       11.445440       11.356068       11.356068       10.998572       10.998572
       11.070071       11.070071       10.766202       10.980699       10.980699
       11.356068       11.356068       11.177320       11.338192       11.338192
       10.998572       10.998572       10.891324       10.962823       10.962823
       10.909200       10.909200       11.105821       11.105821       11.105821
       11.427567       11.427567       11.516939       11.570563       11.570563
       11.642062       11.642062       11.749310       11.713561       11.713561
       11.713561       11.713561       11.731436       11.731436       11.785060
       11.767185       11.767185       11.659937       11.659937       11.677812
       11.606313       11.606313       11.606313       11.606313       11.534814
       11.820809       11.820809       11.767185       11.767185       11.820809
       11.802935       11.802935
       9.8545914       9.8903399       9.8545914       9.8545914       9.8724661
       9.8545914       9.8724661       9.8724661       9.9439650       10.069087
       9.9439650       10.873449       10.873449       10.658953       10.194210
       11.195194       11.373941       11.373941       11.499064       11.499064
       11.588438       11.624187       11.624187       11.695686       11.695686
       11.624187       11.588438       11.588438       11.445440       11.445440
       11.159445       10.998572       10.998572       11.070071       11.070071
       11.213069       11.213069       10.980699       11.356068       11.356068
       11.463315       11.463315       11.338192       10.998572       10.998572
       11.123695       11.123695       10.962823       10.909200       10.909200
       11.105821       11.105821       11.391816       11.427567       11.427567
       11.516939       11.516939       11.624187       11.642062       11.642062
       11.749310       11.749310       11.713561       11.713561       11.713561
       11.731436       11.731436       11.731436       11.731436       11.767185
       11.659937       11.659937       11.677812       11.677812       11.606313
       11.606313       11.606313       11.856559       11.856559       11.820809
       11.767185       11.767185       11.820809       11.820809       11.874434
       11.874434       11.874434
       9.8545914       9.8724661       9.8724661       9.8724661       9.8724661
       9.8724661       9.9439650       9.9439650       10.229960       10.873449
       10.229960       10.658953       10.194210       11.248818       11.248818
       11.373941       11.499064       11.499064       11.570563       11.570563
       11.624187       11.695686       11.695686       11.624187       11.624187
       11.499064       11.445440       11.445440       11.159445       11.159445
       11.409691       11.070071       11.070071       11.213069       11.213069
       11.713561       11.713561       11.356068       11.463315       11.463315
       11.356068       11.356068       10.998572       11.123695       11.123695
       11.016447       11.016447       10.909200       11.105821       11.105821
       11.391816       11.391816       11.463315       11.516939       11.516939
       11.624187       11.624187       11.731436       11.749310       11.749310
       11.713561       11.713561       11.713561       11.731436       11.731436
       11.731436       11.731436       11.677812       11.677812       11.659937
       11.677812       11.677812       11.749310       11.749310       11.606313
       11.856559       11.856559       11.785060       11.785060       11.767185
       11.820809       11.820809       11.874434       11.874434       12.035306
       12.035306       12.035306
       9.8545914       9.8724661       9.8724661       10.069087       9.9439650
       10.069087       10.873449       10.873449       10.658953       11.195194
       10.194210       11.373941       11.373941       11.499064       11.499064
       11.588438       11.624187       11.624187       11.695686       11.695686
       11.731436       11.588438       11.588438       11.445440       11.445440
       11.159445       10.998572       10.998572       11.070071       11.070071
       11.213069       10.980699       10.980699       11.356068       11.356068
       11.463315       11.463315       11.338192       10.998572       10.998572
       11.123695       11.123695       10.962823       10.909200       10.909200
       11.105821       11.105821       11.105821       11.427567       11.427567
       11.516939       11.516939       11.624187       11.642062       11.642062
       11.749310       11.749310       11.713561       11.713561       11.713561
       11.731436       11.731436       11.731436       11.767185       11.767185
       11.659937       11.659937       11.677812       11.677812       11.606313
       11.606313       11.606313       11.856559       11.856559       11.820809
       11.767185       11.767185       11.820809       11.820809       11.802935
       11.874434       11.874434       12.035306       12.035306       12.035306
       12.017431       12.017431
       11.588438       11.445440       11.445440       10.998572       11.159445
       10.998572       11.070071       11.070071       11.213069       10.980699
       11.213069       11.356068       11.356068       11.463315       11.463315
       11.338192       10.998572       10.998572       11.123695       11.123695
       10.962823       10.909200       10.909200       11.105821       11.105821
       11.391816       11.427567       11.427567       11.516939       11.516939
       11.624187       11.642062       11.642062       11.749310       11.749310
       11.713561       11.713561       11.713561       11.731436       11.731436
       11.731436       11.731436       11.767185       11.659937       11.659937
       11.677812       11.677812       11.606313       11.606313       11.606313
       11.856559       11.856559       11.785060       11.767185       11.767185
       11.820809       11.820809       11.874434       11.874434       11.874434
       12.035306       12.035306       12.035306       12.017431       12.017431
       10.712577       10.712577       9.6937180       9.6937180       9.0681038
       8.9429808       8.9429808       8.9251060       8.9251060       8.9072313
       8.9429808       8.9429808       8.9429808       8.9429808       8.9072313
       8.9429808       8.9608555       8.9608555       8.9608555       9.0144796
       9.0502291       9.0502291
       11.445440       11.445440       11.159445       10.998572       11.159445
       11.070071       11.070071       11.213069       11.213069       11.356068
       11.713561       11.356068       11.463315       11.463315       11.356068
       10.998572       10.998572       11.123695       11.123695       11.016447
       10.909200       10.909200       11.105821       11.105821       11.391816
       11.391816       11.427567       11.516939       11.516939       11.624187
       11.624187       11.642062       11.749310       11.749310       11.713561
       11.713561       11.713561       11.731436       11.731436       11.731436
       11.731436       11.677812       11.659937       11.659937       11.677812
       11.677812       11.749310       11.606313       11.606313       11.856559
       11.856559       11.785060       11.785060       11.767185       11.820809
       11.820809       11.874434       11.874434       11.874434       12.035306
       12.035306       12.035306       12.035306       12.017431       10.712577
       10.712577       9.6937180       9.6937180       8.9966049       8.9429808
       8.9429808       8.9251060       8.9251060       8.9787302       8.9429808
       8.9429808       8.9429808       8.9429808       8.9608555       8.9429808
       8.9608555       8.9608555       8.9608555       9.0144796       9.0144796
       9.0502291       9.0502291
       10.998572       11.070071       11.070071       10.980699       11.213069
       10.980699       11.356068       11.356068       11.463315       11.338192
       11.463315       10.998572       10.998572       11.123695       11.123695
       10.962823       10.909200       10.909200       11.105821       11.105821
       11.105821       11.427567       11.427567       11.516939       11.516939
       11.624187       11.642062       11.642062       11.749310       11.749310
       11.713561       11.713561       11.713561       11.731436       11.731436
       11.731436       11.731436       11.767185       11.659937       11.659937
       11.677812       11.677812       11.606313       11.606313       11.606313
       11.856559       11.856559       11.820809       11.767185       11.767185
       11.820809       11.820809       11.874434       11.874434       11.874434
       12.035306       12.035306       12.035306       12.017431       12.017431
       10.712577       10.712577       9.6937180       9.0681038       9.0681038
       8.9429808       8.9429808       8.9251060       8.9251060       8.9072313
       8.9429808       8.9429808       8.9429808       8.9429808       8.9072313
       8.9429808       8.9608555       8.9608555       8.9608555       8.9966049
       9.0502291       9.0502291       9.0502291       9.0502291       9.0502291
       9.0859785       9.1753521
       10.390833       10.390833       10.176335       10.104836       10.176335
       10.086963       10.086963       10.480206       10.480206       10.569579
       10.515955       10.569579       10.176335       10.176335       9.9797134
       10.426581       10.015464       10.587454       10.587454       10.587454
       11.070071       11.749310       11.749310       11.677812       11.677812
       11.856559       11.856559       11.856559       11.838684       11.838684
       11.713561       11.659937       11.659937       11.499064       11.499064
       11.248818       11.248818       11.070071       10.837701       10.837701
       11.052197       11.052197       10.891324       10.891324       10.891324
       10.873449       10.694702       10.712577       11.320317       11.320317
       11.409691       11.409691       11.463315       11.481190       11.481190
       11.427567       11.427567       11.606313       11.391816       11.391816
       10.927073       10.927073       10.480206       10.212085       10.212085
       10.319334       10.533831       10.712577       10.712577       10.498080
       10.551704       10.551704       10.551704       10.551704       10.766202
       11.141570       11.141570       11.230944       11.230944       11.266693
       11.427567       11.427567       11.570563       11.570563       11.695686
       11.749310       11.749310
       9.9082146       9.9082146       9.9082146       9.8545914       9.9082146
       9.8903399       9.8545914       9.8724661       9.8724661       9.8724661
       9.8724661       9.8724661       9.9439650       9.9439650       10.229960
       10.873449       10.873449       10.658953       10.194210       11.248818
       11.373941       11.373941       11.499064       11.499064       11.570563
       11.570563       11.624187       11.695686       11.695686       11.624187
       11.624187       11.588438       11.445440       11.445440       11.159445
       11.159445       11.409691       11.070071       11.070071       11.213069
       11.213069       11.713561       11.356068       11.356068       11.463315
       11.463315       11.356068       10.998572       10.998572       11.123695
       11.123695       11.016447       11.016447       10.909200       11.105821
       11.105821       11.391816       11.391816       11.427567       11.516939
       11.516939       11.624187       11.624187       11.642062       11.749310
       11.749310       11.713561       11.713561       11.713561       11.731436
       11.731436       11.731436       11.731436       11.677812       11.659937
       11.659937       11.677812       11.677812       11.749310       11.606313
       11.606313       11.856559       11.856559       11.785060       11.785060
       11.767185       11.820809
       9.8545914       9.8545914       9.8903399       9.8545914       9.8545914
       9.8545914       9.8545914       9.8724661       9.8724661       10.069087
       9.9439650       10.069087       10.873449       10.873449       10.658953
       11.195194       11.195194       11.373941       11.373941       11.499064
       11.588438       11.588438       11.624187       11.624187       11.695686
       11.695686       11.731436       11.588438       11.588438       11.445440
       11.445440       11.356068       10.998572       10.998572       11.070071
       11.070071       11.213069       10.980699       10.980699       11.356068
       11.356068       11.463315       11.338192       11.338192       10.998572
       10.998572       11.123695       10.962823       10.962823       10.909200
       10.909200       11.105821       11.105821       11.105821       11.427567
       11.427567       11.516939       11.516939       11.570563       11.642062
       11.642062       11.749310       11.749310       11.713561       11.713561
       11.713561       11.731436       11.731436       11.731436       11.767185
       11.767185       11.659937       11.659937       11.677812       11.606313
       11.606313       11.606313       11.606313       11.856559       11.820809
       11.820809       11.767185       11.767185       11.820809       11.820809
       11.802935       11.874434
       9.8903399       9.8545914       9.8724661       9.8545914       9.8724661
       9.8724661       9.8724661       9.9439650       9.9439650       10.873449
       10.229960       10.873449       10.658953       10.194210       11.248818
       11.373941       11.373941       11.499064       11.499064       11.570563
       11.624187       11.624187       11.695686       11.695686       11.624187
       11.624187       11.588438       11.445440       11.445440       11.159445
       11.159445       10.998572       11.070071       11.070071       11.213069
       11.213069       11.713561       11.356068       11.356068       11.463315
       11.463315       11.356068       10.998572       10.998572       11.123695
       11.123695       11.016447       10.909200       10.909200       11.105821
       11.105821       11.391816       11.391816       11.427567       11.516939
       11.516939       11.624187       11.624187       11.642062       11.749310
       11.749310       11.713561       11.713561       11.713561       11.731436
       11.731436       11.731436       11.731436       11.677812       11.659937
       11.659937       11.677812       11.677812       11.749310       11.606313
       11.606313       11.856559       11.856559       11.785060       11.767185
       11.767185       11.820809       11.820809       11.874434       11.874434
       11.874434       12.035306
       9.8545914       9.8545914       9.8724661       9.8903399       9.8724661
       10.069087       10.069087       10.873449       10.873449       11.195194
       10.658953       11.195194       11.373941       11.373941       11.499064
       11.588438       11.588438       11.624187       11.624187       11.695686
       11.731436       11.731436       11.588438       11.588438       11.445440
       11.445440       11.356068       10.998572       10.998572       11.070071
       11.070071       10.766202       10.980699       10.980699       11.356068
       11.356068       11.463315       11.338192       11.338192       10.998572
       10.998572       11.123695       10.962823       10.962823       10.909200
       10.909200       11.105821       11.105821       11.105821       11.427567
       11.427567       11.516939       11.516939       11.570563       11.642062
       11.642062       11.749310       11.749310       11.713561       11.713561
       11.713561       11.731436       11.731436       11.785060       11.767185
       11.767185       11.659937       11.659937       11.677812       11.606313
       11.606313       11.606313       11.606313       11.856559       11.820809
       11.820809       11.767185       11.767185       11.820809       11.802935
       11.802935       11.874434       11.874434       12.035306       12.035306
       11.981682       12.017431
       9.8724661       9.8724661       9.9439650       10.069087       9.9439650
       10.873449       10.873449       10.658953       10.194210       11.373941
       11.248818       11.373941       11.499064       11.499064       11.570563
       11.624187       11.624187       11.695686       11.695686       11.624187
       11.588438       11.588438       11.445440       11.445440       11.159445
       11.159445       10.998572       11.070071       11.070071       11.213069
       11.213069       10.980699       11.356068       11.356068       11.463315
       11.463315       11.356068       10.998572       10.998572       11.123695
       11.123695       11.016447       10.909200       10.909200       11.105821
       11.105821       11.391816       11.427567       11.427567       11.516939
       11.516939       11.624187       11.624187       11.642062       11.749310
       11.749310       11.713561       11.713561       11.713561       11.731436
       11.731436       11.731436       11.731436       11.767185       11.659937
       11.659937       11.677812       11.677812       11.749310       11.606313
       11.606313       11.856559       11.856559       11.785060       11.767185
       11.767185       11.820809       11.820809       11.874434       11.874434
       11.874434       12.035306       12.035306       12.035306       12.035306
       12.017431       10.712577
       9.8724661       9.9439650       9.9439650       10.873449       10.229960
       10.873449       10.658953       10.194210       11.248818       11.373941
       11.248818       11.499064       11.499064       11.570563       11.570563
       11.624187       11.695686       11.695686       11.624187       11.624187
       11.588438       11.445440       11.445440       11.159445       11.159445
       11.409691       11.070071       11.070071       11.213069       11.213069
       11.713561       11.356068       11.356068       11.463315       11.463315
       11.356068       11.356068       10.998572       11.123695       11.123695
       11.016447       11.016447       10.909200       11.105821       11.105821
       11.391816       11.391816       11.427567       11.516939       11.516939
       11.624187       11.624187       11.731436       11.749310       11.749310
       11.713561       11.713561       11.713561       11.731436       11.731436
       11.731436       11.731436       11.677812       11.659937       11.659937
       11.677812       11.677812       11.749310       11.749310       11.606313
       11.856559       11.856559       11.785060       11.785060       11.767185
       11.820809       11.820809       11.874434       11.874434       11.874434
       12.035306       12.035306       12.035306       12.035306       11.570563
       10.712577       10.712577
       11.445440       11.159445       11.159445       11.070071       11.409691
       11.070071       11.213069       11.213069       11.713561       11.356068
       11.713561       11.463315       11.463315       11.356068       11.356068
       10.998572       11.123695       11.123695       11.016447       11.016447
       10.909200       11.105821       11.105821       11.391816       11.391816
       11.463315       11.516939       11.516939       11.624187       11.624187
       11.731436       11.749310       11.749310       11.713561       11.713561
       11.713561       11.713561       11.731436       11.731436       11.731436
       11.677812       11.677812       11.659937       11.677812       11.677812
       11.749310       11.749310       11.606313       11.856559       11.856559
       11.785060       11.785060       11.802935       11.820809       11.820809
       11.874434       11.874434       12.035306       12.035306       12.035306
       12.035306       12.035306       11.570563       10.712577       10.712577
       9.6937180       9.6937180       8.9966049       8.9966049       8.9429808
       8.9251060       8.9251060       8.9787302       8.9787302       8.9429808
       8.9429808       8.9429808       8.9608555       8.9429808       8.9608555
       8.9608555       8.9608555       9.0144796       9.0144796       9.0144796
       9.0502291       9.0502291
       10.998572       10.998572       11.070071       10.766202       11.070071
       10.980699       10.980699       11.356068       11.356068       11.338192
       11.463315       11.338192       10.998572       10.998572       11.123695
       10.962823       10.962823       10.909200       10.909200       11.105821
       11.105821       11.105821       11.427567       11.427567       11.516939
       11.516939       11.570563       11.642062       11.642062       11.749310
       11.749310       11.713561       11.713561       11.713561       11.731436
       11.731436       11.731436       11.767185       11.767185       11.659937
       11.659937       11.677812       11.606313       11.606313       11.606313
       11.606313       11.856559       11.820809       11.820809       11.767185
       11.767185       11.820809       11.820809       11.802935       11.874434
       11.874434       12.035306       12.035306       11.981682       12.017431
       12.017431       10.712577       10.712577       9.7473421       9.0681038
       9.0681038       8.9429808       8.9429808       8.9251060       8.9072313
       8.9072313       8.9429808       8.9429808       8.9429808       8.9072313
       8.9072313       8.9429808       8.9608555       8.9608555       8.9966049
       8.9966049       9.0502291       9.0502291       9.0502291       9.0502291
       9.0859785       9.0859785
       10.390833       10.390833       10.176335       10.104836       10.176335
       10.086963       10.086963       10.480206       10.480206       10.569579
       10.515955       10.569579       10.176335       10.176335       9.9797134
       10.426581       10.015464       10.587454       10.587454       10.587454
       11.070071       11.749310       11.749310       11.677812       11.677812
       11.856559       11.856559       11.856559       11.838684       11.838684
       11.713561       11.659937       11.659937       11.499064       11.499064
       11.248818       11.248818       11.070071       10.837701       10.837701
       11.052197       11.052197       10.891324       10.891324       10.891324
       10.873449       10.694702       10.712577       11.320317       11.320317
       11.409691       11.409691       11.463315       11.481190       11.481190
       11.427567       11.427567       11.606313       11.391816       11.391816
       10.927073       10.927073       10.480206       10.212085       10.212085
       10.319334       10.533831       10.712577       10.712577       10.498080
       10.551704       10.551704       10.551704       10.551704       10.766202
       11.141570       11.141570       11.230944       11.230944       11.266693
       11.427567       11.427567       11.570563       11.570563       11.695686
       11.749310       11.749310
       9.9082146       9.9082146       9.9082146       9.8545914       9.9082146
       9.8903399       9.8545914       9.8724661       9.8724661       9.8724661
       9.8724661       9.8724661       9.9439650       9.9439650       10.229960
       10.873449       10.873449       10.658953       10.194210       11.248818
       11.373941       11.373941       11.499064       11.499064       11.570563
       11.570563       11.624187       11.695686       11.695686       11.624187
       11.624187       11.588438       11.445440       11.445440       11.159445
       11.159445       11.409691       11.070071       11.070071       11.213069
       11.213069       11.713561       11.356068       11.356068       11.463315
       11.463315       11.356068       10.998572       10.998572       11.123695
       11.123695       11.016447       11.016447       10.909200       11.105821
       11.105821       11.391816       11.391816       11.427567       11.516939
       11.516939       11.624187       11.624187       11.642062       11.749310
       11.749310       11.713561       11.713561       11.713561       11.731436
       11.731436       11.731436       11.731436       11.677812       11.659937
       11.659937       11.677812       11.677812       11.749310       11.606313
       11.606313       11.856559       11.856559       11.785060       11.785060
       11.767185       11.820809
       9.8545914       9.8545914       9.8903399       9.8545914       9.8545914
       9.8545914       9.8545914       9.8724661       9.8724661       10.069087
       9.9439650       10.069087       10.873449       10.873449       10.658953
       11.195194       11.195194       11.373941       11.373941       11.499064
       11.588438       11.588438       11.624187       11.624187       11.695686
       11.695686       11.731436       11.588438       11.588438       11.445440
       11.445440       11.356068       10.998572       10.998572       11.070071
       11.070071       11.213069       10.980699       10.980699       11.356068
       11.356068       11.463315       11.338192       11.338192       10.998572
       10.998572       11.123695       10.962823       10.962823       10.909200
       10.909200       11.105821       11.105821       11.105821       11.427567
       11.427567       11.516939       11.516939       11.570563       11.642062
       11.642062       11.749310       11.749310       11.713561       11.713561
       11.713561       11.731436       11.731436       11.731436       11.767185
       11.767185       11.659937       11.659937       11.677812       11.606313
       11.606313       11.606313       11.606313       11.856559       11.820809
       11.820809       11.767185       11.767185       11.820809       11.820809
       11.802935       11.874434
       9.8903399       9.8545914       9.8724661       9.8545914       9.8724661
       9.8724661       9.8724661       9.9439650       9.9439650       10.873449
       10.229960       10.873449       10.658953       10.194210       11.248818
       11.373941       11.373941       11.499064       11.499064       11.570563
       11.624187       11.624187       11.695686       11.695686       11.624187
       11.624187       11.588438       11.445440       11.445440       11.159445
       11.159445       10.998572       11.070071       11.070071       11.213069
       11.213069       11.713561       11.356068       11.356068       11.463315
       11.463315       11.356068       10.998572       10.998572       11.123695
       11.123695       11.016447       10.909200       10.909200       11.105821
       11.105821       11.391816       11.391816       11.427567       11.516939
       11.516939       11.624187       11.624187       11.642062       11.749310
       11.749310       11.713561       11.713561       11.713561       11.731436
       11.731436       11.731436       11.731436       11.677812       11.659937
       11.659937       11.677812       11.677812       11.749310       11.606313
       11.606313       11.856559       11.856559       11.785060       11.767185
       11.767185       11.820809       11.820809       11.874434       11.874434
       11.874434       12.035306
       9.8545914       9.8545914       9.8724661       9.8903399       9.8724661
       10.069087       10.069087       10.873449       10.873449       11.195194
       10.658953       11.195194       11.373941       11.373941       11.499064
       11.588438       11.588438       11.624187       11.624187       11.695686
       11.731436       11.731436       11.588438       11.588438       11.445440
       11.445440       11.356068       10.998572       10.998572       11.070071
       11.070071       10.766202       10.980699       10.980699       11.356068
       11.356068       11.463315       11.338192       11.338192       10.998572
       10.998572       11.123695       10.962823       10.962823       10.909200
       10.909200       11.105821       11.105821       11.105821       11.427567
       11.427567       11.516939       11.516939       11.570563       11.642062
       11.642062       11.749310       11.749310       11.713561       11.713561
       11.713561       11.731436       11.731436       11.785060       11.767185
       11.767185       11.659937       11.659937       11.677812       11.606313
       11.606313       11.606313       11.606313       11.856559       11.820809
       11.820809       11.767185       11.767185       11.820809       11.802935
       11.802935       11.874434       11.874434       12.035306       12.035306
       11.981682       12.017431
       9.8724661       9.8724661       9.9439650       10.069087       9.9439650
       10.873449       10.873449       10.658953       10.194210       11.373941
       11.248818       11.373941       11.499064       11.499064       11.570563
       11.624187       11.624187       11.695686       11.695686       11.624187
       11.588438       11.588438       11.445440       11.445440       11.159445
       11.159445       10.998572       11.070071       11.070071       11.213069
       11.213069       10.980699       11.356068       11.356068       11.463315
       11.463315       11.356068       10.998572       10.998572       11.123695
       11.123695       11.016447       10.909200       10.909200       11.105821
       11.105821       11.391816       11.427567       11.427567       11.516939
       11.516939       11.624187       11.624187       11.642062       11.749310
       11.749310       11.713561       11.713561       11.713561       11.731436
       11.731436       11.731436       11.731436       11.767185       11.659937
       11.659937       11.677812       11.677812       11.749310       11.606313
       11.606313       11.856559       11.856559       11.785060       11.767185
       11.767185       11.820809       11.820809       11.874434       11.874434
       11.874434       12.035306       12.035306       12.035306       12.035306
       12.017431       10.712577
       9.8724661       9.9439650       9.9439650       10.873449       10.229960
       10.873449       10.658953       10.194210       11.248818       11.373941
       11.248818       11.499064       11.499064       11.570563       11.570563
       11.624187       11.695686       11.695686       11.624187       11.624187
       11.588438       11.445440       11.445440       11.159445       11.159445
       11.409691       11.070071       11.070071       11.213069       11.213069
       11.713561       11.356068       11.356068       11.463315       11.463315
       11.356068       11.356068       10.998572       11.123695       11.123695
       11.016447       11.016447       10.909200       11.105821       11.105821
       11.391816       11.391816       11.427567       11.516939       11.516939
       11.624187       11.624187       11.731436       11.749310       11.749310
       11.713561       11.713561       11.713561       11.731436       11.731436
       11.731436       11.731436       11.677812       11.659937       11.659937
       11.677812       11.677812       11.749310       11.749310       11.606313
       11.856559       11.856559       11.785060       11.785060       11.767185
       11.820809       11.820809       11.874434       11.874434       11.874434
       12.035306       12.035306       12.035306       12.035306       11.570563
       10.712577       10.712577
       11.445440       11.159445       11.159445       11.070071       11.409691
       11.070071       11.213069       11.213069       11.713561       11.356068
       11.713561       11.463315       11.463315       11.356068       11.356068
       10.998572       11.123695       11.123695       11.016447       11.016447
       10.909200       11.105821       11.105821       11.391816       11.391816
       11.463315       11.516939       11.516939       11.624187       11.624187
       11.731436       11.749310       11.749310       11.713561       11.713561
       11.713561       11.713561       11.731436       11.731436       11.731436
       11.677812       11.677812       11.659937       11.677812       11.677812
       11.749310       11.749310       11.606313       11.856559       11.856559
       11.785060       11.785060       11.802935       11.820809       11.820809
       11.874434       11.874434       12.035306       12.035306       12.035306
       12.035306       12.035306       11.570563       10.712577       10.712577
       9.6937180       9.6937180       8.9966049       8.9966049       8.9429808
       8.9251060       8.9251060       8.9787302       8.9787302       8.9429808
       8.9429808       8.9429808       8.9608555       8.9429808       8.9608555
       8.9608555       8.9608555       9.0144796       9.0144796       9.0144796
       9.0502291       9.0502291
       10.998572       10.998572       11.070071       10.766202       11.070071
       10.980699       10.980699       11.356068       11.356068       11.338192
       11.463315       11.338192       10.998572       10.998572       11.123695
       10.962823       10.962823       10.909200       10.909200       11.105821
       11.105821       11.105821       11.427567       11.427567       11.516939
       11.516939       11.570563       11.642062       11.642062       11.749310
       11.749310       11.713561       11.713561       11.713561       11.731436
       11.731436       11.731436       11.767185       11.767185       11.659937
       11.659937       11.677812       11.606313       11.606313       11.606313
       11.606313       11.856559       11.820809       11.820809       11.767185
       11.767185       11.820809       11.820809       11.802935       11.874434
       11.874434       12.035306       12.035306       11.981682       12.017431
       12.017431       10.712577       10.712577       9.7473421       9.0681038
       9.0681038       8.9429808       8.9429808       8.9251060       8.9072313
       8.9072313       8.9429808       8.9429808       8.9429808       8.9072313
       8.9072313       8.9429808       8.9608555       8.9608555       8.9966049
       8.9966049       9.0502291       9.0502291       9.0502291       9.0502291
       9.0859785       9.0859785
